image_width: 320
image_height: 240
camera_name: left_camera
camera_matrix:
  rows: 3
  cols: 3
  data: [600.4150467158936, 0, 155.5780660236383, 0, 601.9145857083813, 98.03029020130037, 0, 0, 1]
distortion_model: plumb_bob
distortion_coefficients:
  rows: 1
  cols: 5
  data: [0.4463043194036762, -1.585682585611381, -0.006297817208651458, 0.006785574483788731, 0]
rectification_matrix:
  rows: 3
  cols: 3
  data: [0.495739733708584, 0.008113455256659435, -0.8684332376563787, -0.05387391387668391, 0.9983178347624304, -0.0214266702700283, 0.866798545122308, 0.05740794926707497, 0.4953429211513971]
projection_matrix:
  rows: 3
  cols: 4
  data: [1149.786906780995, 0, 1417.646713256836, 0, 0, 1149.786906780995, 88.8122673034668, 0, 0, 0, 1, 0]