image_width: 320
image_height: 240
camera_name: right_camera
camera_matrix:
  rows: 3
  cols: 3
  data: [543.5756357856048, 0, 159.1896028620251, 0, 544.5109063422675, 141.6486610196711, 0, 0, 1]
distortion_model: plumb_bob
distortion_coefficients:
  rows: 1
  cols: 5
  data: [0.1824092010847025, 0.8231621265967441, 0.01580191638096118, 0.01039054497400165, 0]
rectification_matrix:
  rows: 3
  cols: 3
  data: [0.5149656300626226, 0.07007214511403403, -0.8543420242112194, -0.02523338152629137, 0.9974605793752392, 0.06660081868236142, 0.8568393526857615, -0.01273919430458299, 0.5154260728926269]
projection_matrix:
  rows: 3
  cols: 4
  data: [1149.786906780995, 0, 1417.646713256836, 170.4133701403978, 0, 1149.786906780995, 88.8122673034668, 0, 0, 0, 1, 0]